 

Anno

- Academico.

 

1800 (a)
1801 ·
1802
1803
1804
1805
1800
1807
1808
1809
1810
1811
1812
1813
1814
1815
1816
1817
1818
1819
1820
1821
1822
1823
1824
1825
1826
1827
1828
1829
1830
1831
1832
1833
1834
1835
1836
1837
1838
1839
1840
1841
1842
1843

 

Nob.

——ss———- .

Nobiles et
tanquam commensales· Pensionarii.

681

MATRIOULATIONES.

Socii

14 85
30 124
27 104
17 95
13 94
26 121
54 206
40 133
29 140
43 160
s 49. , 124
’ 60 168
31 170
55 173
52 216
44 214
48 208
36 228
44 261
55> 298
54 . 316
53 304
54 318
45 301
55 352
33 354
42 388
38, 342
41 365
41 360
39 330
302 377
32 333
42 354
38 324
34 360
’ 25 354
’ .32 349
35. 356
30 336
28 388
19 358
26 361
32 368

(α) Α 10 Oct. 1799 ad 10 Oet. 1800.

 

129
177
166
134
128
167
282
192
198
230
213
265
242
253
297
297
284
299
334
423
427
413
427
397
462
446
479
427
457
462
424
453
407
440
402
447
418
430
435
409
459
420
429
436

86

