ni* ’ἶ

 

 

 

 

 

 

 

 

 

 

 

 

 

 

 

 

 

 

 

 

 

GRADUUM 673
Affllss‘pt. S.T.B. (Sssfffflffl nnn. ΜΒ. M.L. 11:2³} Ξῖ Incorp. summa„
14 -1- 48 5 1 18 0 0 0 1 397
10 ÷ 62 3 6 11 6 3 0 2 ἶ
ff 5 5 9 -ι- —s' ο 2 Ἦ
19 -1- 63 11 3 16 6 2 0 1 516
22 -Ι- 69 3 5 16 10 3 1 Mus D 7 602
33 -ι- 35 9 9 14 7 1 O 2 500

ᾖ 9 8 13 —4— Τ 0 3 574
36 -1- 59 6 7 12 12 3 1 Mus B 2 623
15 -Ι- 57 4 9 21 9 6 0 1 561
14 -1- 64 6 8 16 Τ Τ 0 1 570

W 9 4 9 Τ —4— ο —o— 577
16 -Ι- 54 3 7 12 10 3 O l 542
22-1·55 8 7 13 —9-——3—- lMus B 2 ἶ

7 ÷ 45 4 14 9 8 -3- 0 O 539

9 ÷ 56 4 5 7 8 8 0 2 611
14 -Ι- 59 11 5 15 —4-— ῖ- 1 Mus B 2 557
W 6 4 5 ’5——T o 1 522
6 ÷ 66 9 3 6 2 4 0 *1— 536
17 ÷ 57 4 5 7 -5- —l— 0 1 588
10 ÷ 64 8 2 8 3 1 0 0 596

